surface_name	site_name	species_name	formation_energy	frequencies	reference
None	gas	H2	0	[4447.09, 110.56, 8.01]	 J. Catal. 2024, 439
None	gas	H2O	-2.354	[3885.05, 3775.59, 1619.37, 98.1, 13.07, 4.39]	 J. Catal. 2024, 439
None	gas	NO2	-0.012	[1662.39, 1340.56, 732.27, 49.24, 31.87, 16.03]	 J. Catal. 2024, 439
None	gas	NH2OH	-0.67	[3764.56, 3459.66, 3377.43, 1643.21, 1382.19, 1310.59, 1140.8, 872.72, 385.54, 68.97, 17.42, 3.37]	 J. Catal. 2024, 439
None	gas	O2	0	[1546.06, 39.67, 25.84]	 J. Catal. 2024, 439
None	gas	NH3	-0.747	[3550.35, 3547.94, 3431.55, 1659.59, 1659.05, 1046.4, 65.6, 42.77, 20.23]	 J. Catal. 2024, 439
None	gas	N2O	0.384	[2348.81, 1317.3, 572.21, 568.19, 10.57, 4.17]	 J. Catal. 2024, 439
None	gas	N2	0	[2358.6]	 J. Catal. 2024, 439
None	gas	NO	0.935	[1914.61, 17.79, 5.1]	 J. Catal. 2024, 439
None	gas	N2H4	0.432	[3515.65, 3507.44, 3410.69, 3398.15, 1672.57, 1657.36, 1317.58, 1287.4, 1098.46, 988.1, 778.05, 417.55, 40.97, 30.51, 13.67]	 J. Catal. 2024, 439
Ni	111	H	-0.312	[1137.15, 884.62, 850.81]	 J. Catal. 2024, 439
Ni	111	O	-2.08	[489.55, 388.81, 380.98]	 J. Catal. 2024, 439
Ni	111	N	0.172	[563.29, 498.16, 493.54]	 J. Catal. 2024, 439
Ni	111	N2O	0.399	[1511.61, 958.54, 669.18, 414.45, 329.8, 260.61, 185.37, 118.59, 39.96]	 J. Catal. 2024, 439
Ni	111	NO-N	0.856	[1643.51, 571.85, 418.04, 401.52, 258.16, 167.4, 116.06]	 J. Catal. 2024, 439
Ni	111	OH	-2.37	[3732.13, 471.3, 443.69, 376.41, 264.55, 248.73]	 J. Catal. 2024, 439
Ni	111	O-H	-1.128	[1082.53, 491.6, 441.53, 277.08, 262.69]	 J. Catal. 2024, 439
Ni	111	NH-O	-0.3	[3442.7, 1021.15, 662.29, 510.21, 414.64, 386.41, 279.98, 127.72]	 J. Catal. 2024, 439
Ni	111	NHO	-0.794	[3306.18, 1345.42, 977.72, 594.42, 470.76, 349.85, 321.48, 197.87, 147.46]	 J. Catal. 2024, 439
Ni	111	H2O	-2.576	[3779.22, 3668.84, 1612.13, 464.73, 426.2, 165.93, 52.94, 46.09, 28.9]	 J. Catal. 2024, 439
Ni	111	NO	-1.233	[1542.71, 389.31, 377.05, 342.93, 139.35, 125.3]	 J. Catal. 2024, 439
Ni	111	NH3	-1.194	[3488.81, 3487.94, 3355.91, 1633.26, 1628.51, 1110.88, 542.14, 529.6, 258.29, 256.2, 140.94, 106.55]	 J. Catal. 2024, 439
Ni	111	N-OH	-0.272	[3649.22, 930.15, 721.71, 492.54, 486.02, 336.78, 146.38, 88.5]	 J. Catal. 2024, 439
Ni	111	NOH	-0.948	[3617.29, 1342.53, 880.52, 484.98, 471.94, 366.08, 352.71, 129.49, 90.0]	 J. Catal. 2024, 439
Ni	111	NO2	-1.54	[1568.54, 945.62, 747.83, 372.35, 312.35, 234.94, 129.22, 71.53, 14.41]	 J. Catal. 2024, 439
Ni	111	NO-O	-1.464	[1727.91, 654.27, 363.86, 299.48, 252.48, 241.15, 120.0, 32.13]	 J. Catal. 2024, 439
Ni	111	NH2OH	-1.382	[3458.11, 3384.03, 3214.35, 1619.62, 1448.59, 1271.25, 1195.54, 828.79, 558.8, 468.71, 328.2, 174.76, 142.16, 93.11, 69.56]	 J. Catal. 2024, 439
Ni	111	H-NHOH	0.047	[3452.12, 3437.96, 1492.76, 1268.17, 1202.82, 919.12, 747.67, 499.43, 431.43, 325.95, 203.07, 185.82, 73.53, 56.35]	 J. Catal. 2024, 439
Ni	111	N2	-0.289	[2255.71, 286.0, 278.58, 275.29, 48.64, 39.34]	 J. Catal. 2024, 439
Ni	111	N-N	2.148	[534.14, 510.04, 456.84, 388.45, 270.32]	 J. Catal. 2024, 439
Ni	111	NH2-NH3	1.16	[3258.45, 3232.59, 3123.53, 3083.01, 2559.14, 1489.62, 1483.68, 1450.23, 1250.72, 1168.96, 1080.69, 926.78, 865.14, 472.76, 318.53, 260.71, 188.07, 164.3, 110.28, 95.26]	 J. Catal. 2024, 439
Ni	111	H2NNH3	1.096	[3291.1, 3173.26, 3103.31, 2999.84, 2155.22, 1565.68, 1476.93, 1423.88, 1360.33, 1292.07, 1168.49, 1031.91, 981.43, 779.26, 462.36, 267.5, 205.3, 178.98, 137.75, 95.83, 62.96]	 J. Catal. 2024, 439
Ni	111	O2	-1.201	[1038.61, 350.82, 346.88, 259.8, 90.89, 78.5]	 J. Catal. 2024, 439
Ni	111	NH-NH3	1.076	[3503.36, 3401.5, 3296.88, 3251.78, 1610.96, 1563.51, 1143.27, 1079.67, 730.22, 635.0, 615.02, 425.66, 228.78, 204.44, 90.87, 68.8]	 J. Catal. 2024, 439
Ni	111	HNNH3	0.777	[3340.31, 3267.83, 3066.52, 3036.35, 1574.97, 1542.2, 1450.94, 1422.49, 1089.32, 1041.25, 795.9, 605.24, 331.81, 285.92, 210.16, 112.95, 94.13, 59.57]	 J. Catal. 2024, 439
Ni	111	NH	-0.538	[3431.04, 695.82, 682.04, 559.6, 435.27, 425.57]	 J. Catal. 2024, 439
Ni	111	N-H	0.941	[1262.94, 530.19, 459.54, 404.61, 281.05]	 J. Catal. 2024, 439
Ni	111	NNH	0.706	[3301.02, 1248.75, 1158.94, 690.8, 472.91, 425.54, 274.75, 229.44, 206.71]	 J. Catal. 2024, 439
Ni	111	NH-N	1.524	[3447.98, 928.12, 655.08, 540.14, 512.47, 425.78, 404.41, 166.36]	 J. Catal. 2024, 439
Ni	111	O-O	-1.053	[466.34, 417.48, 326.48, 121.27]	 J. Catal. 2024, 439
Ni	111	N-O	0.274	[540.37, 481.56, 392.7, 302.71, 204.39]	 J. Catal. 2024, 439
Ni	111	NH2	-0.747	[3494.7, 3400.03, 1547.74, 679.51, 650.65, 643.5, 449.48, 314.23, 173.88]	 J. Catal. 2024, 439
Ni	111	NH-H	0.263	[3462.83, 1235.79, 838.3, 608.51, 521.2, 475.37, 360.58, 343.59]	 J. Catal. 2024, 439
Ni	111	H-H	0.275	[1911.24, 1688.5, 296.88, 273.02, 128.04]	 J. Catal. 2024, 439
Ni	111	N2-O	0.844	[1556.88, 537.85, 436.96, 277.19, 184.07, 138.34, 27.13]	 J. Catal. 2024, 439
Ni	111	ONNO	-0.036	[1420.13, 1016.93, 906.59, 643.79, 511.12, 407.09, 316.23, 301.58, 196.53, 171.95, 106.09, 84.65]	 J. Catal. 2024, 439
Ni	111	ON-NO	0.388	[1570.68, 1344.66, 654.81, 462.19, 308.77, 232.28, 222.12, 171.77, 145.17, 78.14, 26.88]	 J. Catal. 2024, 439
Ni	111	NO-H	0.328	[1242.28, 1074.44, 540.01, 453.66, 383.85, 372.35, 233.2, 139.06]	 J. Catal. 2024, 439
Ni	111	HNNO	-0.508	[3297.3, 1478.82, 1314.43, 1009.82, 800.99, 678.78, 383.18, 339.69, 234.71, 193.89, 133.94, 23.52]	 J. Catal. 2024, 439
Ni	111	NO-NH	0.143	[3369.39, 1635.03, 911.28, 694.74, 558.87, 403.41, 369.34, 246.99, 199.29, 78.38]	 J. Catal. 2024, 439
Ni	111	NHOH	-0.893	[3603.3, 3396.54, 1301.7, 1246.69, 638.23, 629.82, 481.0, 439.64, 357.36, 215.12, 137.05, 91.48]	 J. Catal. 2024, 439
Ni	111	NHO-H	-0.001	[3394.31, 1324.04, 929.38, 877.24, 738.61, 528.15, 445.52, 336.46, 277.22, 224.51, 137.66]	 J. Catal. 2024, 439
Ni	111	NH2-OH	-0.63	[3707.49, 2943.59, 2881.57, 1536.16, 1225.71, 1119.86, 856.16, 680.16, 513.02, 400.69, 168.88, 116.0, 112.01, 45.33]	 J. Catal. 2024, 439
Ni	111	NH3O	-0.754	[3316.46, 3246.98, 2627.14, 1600.13, 1547.22, 1454.17, 1137.04, 1128.52, 894.16, 294.53, 243.83, 170.2, 127.88, 89.14, 69.3]	 J. Catal. 2024, 439
Ni	111	H-NH2O	-0.314	[3412.97, 3301.21, 1605.23, 1241.11, 1093.15, 928.24, 865.42, 781.43, 488.12, 383.7, 273.52, 138.67, 109.45, 37.05]	 J. Catal. 2024, 439
Ni	111	H-NNO	1.312	[1478.9, 1422.51, 835.1, 713.83, 556.35, 369.38, 315.36, 228.78, 195.12, 127.77, 33.08]	 J. Catal. 2024, 439
Ni	111	H2NNH2-H	1.189	[3400.9, 3271.5, 3119.59, 2956.39, 1604.79, 1495.26, 1357.65, 1252.84, 1187.33, 1154.0, 996.88, 937.99, 817.0, 482.14, 430.57, 248.65, 196.21, 162.32, 84.73, 68.49]	 J. Catal. 2024, 439
Ni	111	NH-NH2	0.677	[3492.77, 3379.2, 3364.31, 1494.49, 875.53, 739.46, 692.89, 581.58, 564.08, 471.36, 381.96, 341.58, 171.72, 154.89]	 J. Catal. 2024, 439
Ni	111	HNNH2	0.077	[3389.9, 3306.93, 3279.72, 1595.81, 1335.79, 1224.06, 1042.34, 858.92, 656.12, 528.54, 399.96, 322.38, 319.03, 192.89, 181.27]	 J. Catal. 2024, 439
Ni	111	NH2-H	0.324	[3509.86, 3374.02, 1640.62, 1522.97, 906.1, 710.08, 583.57, 391.87, 331.58, 157.42]	 J. Catal. 2024, 439
Ni	111	OH-OH	-3.886	[3697.3, 1524.97, 1228.59, 770.23, 688.58, 493.34, 425.69, 322.45, 295.67, 65.27]	 J. Catal. 2024, 439
Ni	111	HNNH2-H	1.121	[3379.32, 3367.88, 3250.86, 1569.33, 1354.27, 1192.07, 1173.35, 1028.05, 861.55, 825.64, 618.32, 473.24, 344.5, 283.08, 243.82, 146.44, 124.06]	 J. Catal. 2024, 439
Ni	111	NH2O	-1.217	[3424.42, 3335.85, 1594.24, 1206.86, 1151.15, 791.73, 595.04, 381.66, 301.02, 230.1, 168.85, 131.1]	 J. Catal. 2024, 439
Ni	111	H-NHO	0.221	[3316.55, 1440.83, 1334.12, 1018.52, 815.15, 654.6, 433.77, 323.86, 191.3, 123.47, 31.14]	 J. Catal. 2024, 439
Ni	111	HNNH-H	1.44	[3354.67, 3272.75, 1336.15, 1231.31, 1203.13, 972.09, 726.92, 596.72, 531.06, 395.76, 330.83, 269.47, 204.46, 170.85]	 J. Catal. 2024, 439
Ni	111	NH2-O	-0.916	[3493.46, 3355.81, 1543.21, 820.91, 719.77, 636.08, 430.44, 392.07, 283.06, 197.61, 155.19]	 J. Catal. 2024, 439
Ni	111	N2O-O	0.47	[1402.12, 1154.71, 605.77, 423.85, 418.42, 375.63, 306.24, 150.78, 141.26, 98.47, 91.34]	 J. Catal. 2024, 439
Ni	111	HNNH	0.541	[3330.52, 3293.97, 1406.11, 1269.04, 1048.77, 685.4, 597.56, 397.49, 367.36, 235.83, 220.79, 210.85]	 J. Catal. 2024, 439
Ni	111	H-NNH	1.742	[2982.44, 1339.3, 1057.99, 857.14, 791.16, 754.99, 506.55, 337.78, 283.93, 192.98, 173.32]	 J. Catal. 2024, 439
Ni	111	H-NO	0.174	[1613.62, 1333.58, 768.37, 401.74, 368.92, 199.74, 126.63, 37.09]	 J. Catal. 2024, 439
Ni	111	H2NNH2	-0.21	[3457.76, 3406.72, 3354.35, 3267.96, 1660.1, 1629.82, 1353.46, 1303.82, 1123.0, 1096.16, 836.68, 562.47, 328.81, 294.66, 175.03, 151.22, 89.45, 73.68]	 J. Catal. 2024, 439
Ni	111	H-HNNH2	1.327	[3413.42, 3304.26, 3250.7, 1642.71, 1372.28, 1258.9, 1104.52, 1097.82, 804.96, 564.1, 461.14, 376.87, 300.95, 192.52, 136.71, 89.35]	 J. Catal. 2024, 439
Ni	111	NH2O-H	-0.574	[3421.05, 3341.82, 1603.79, 1249.52, 1193.08, 975.17, 871.15, 798.77, 619.83, 397.66, 267.98, 196.26, 130.04, 112.32]	 J. Catal. 2024, 439
Ni	111	H-NOH	0.069	[3623.76, 1329.44, 1281.27, 826.69, 527.55, 447.64, 414.27, 394.0, 308.83, 135.67, 99.07]	 J. Catal. 2024, 439
Ni	111	NH3-O	-0.393	[3581.47, 3475.55, 3119.93, 1585.47, 1570.57, 1063.21, 708.74, 661.38, 425.23, 289.73, 224.64, 118.64, 68.91, 33.81]	 J. Catal. 2024, 439
Ni	111	NH-OH	-0.83	[3655.16, 3386.99, 1060.33, 957.81, 666.49, 582.46, 470.87, 394.27, 252.71, 151.87, 143.12]	 J. Catal. 2024, 439
Ni	111	OH-H	-0.838	[1826.63, 1302.3, 1198.51, 1130.03, 341.95, 263.58, 79.76]	 J. Catal. 2024, 439
Ni	111	NH-NH	1.196	[3397.12, 3355.41, 979.15, 964.22, 612.98, 561.79, 500.93, 425.4, 384.35, 363.38, 103.16]	 J. Catal. 2024, 439
Ni	111	NH2-NH2	1.029	[3470.36, 3415.06, 3376.76, 3265.25, 1556.57, 1530.75, 825.35, 790.34, 717.73, 628.97, 597.6, 424.84, 296.15, 165.21, 99.67, 70.13]	 J. Catal. 2024, 439
